
#Er
 alpha =      125.842
 beta  =      142.287
 gamma =       41.759
 x     =       25.786
 y     =        9.515
 z     =        6.558
 Ax    =       -8.155
 Rh    =       -4.913
 Dx    =        0.262
 Dy    =        5.175
 Dz    =       -5.437

	[ -0.194 -0.868 -0.456 ]
	[ -0.913 -0.010  0.407 ]
	[ -0.358  0.496 -0.791 ]

#Tb
 alpha =      152.178
 beta  =      152.627
 gamma =       71.312
 x     =       25.786
 y     =        9.515
 z     =        6.558
 Ax    =       29.683
 Rh    =       12.214
 Dx    =       -3.787
 Dy    =      -16.001
 Dz    =       19.789

	[ -0.190 -0.971 -0.147 ]
	[ -0.894  0.109  0.436 ]
	[ -0.407  0.215 -0.888 ]

#Yb
 alpha =      130.042
 beta  =      137.476
 gamma =       87.629
 x     =       25.786
 y     =        9.515
 z     =        6.558
 Ax    =       -5.064
 Rh    =       -2.519
 Dx    =        0.429
 Dy    =        2.947
 Dz    =       -3.376

	[ -0.745 -0.666 -0.028 ]
	[ -0.505  0.537  0.675 ]
	[ -0.435  0.517 -0.737 ]

